4.658006876707077026e-02
-3.574207425117492676e-01
-3.112396895885467529e-01
-3.113944269716739655e-02
-7.628049701452255249e-02
3.692599013447761536e-02
-3.238086700439453125e-01
-1.052050739526748657e-01
-3.054079413414001465e-01
-3.447547256946563721e-01
-3.020448684692382812e-01
7.216218113899230957e-02
2.962779998779296875e-02
-3.550749644637107849e-02
-3.193782567977905273e-01
-3.966217115521430969e-02
1.924861520528793335e-01
7.942917197942733765e-02
-3.144983947277069092e-01
-3.230598568916320801e-01
-3.373435139656066895e-01
-4.438520595431327820e-02
2.663494460284709930e-02
4.375239089131355286e-02
1.228792406618595123e-02
-3.244054690003395081e-02
-3.397102057933807373e-01
-5.371714010834693909e-02
-2.600113861262798309e-02
-3.319502472877502441e-01
-3.011429607868194580e-01
3.790559619665145874e-02
-6.014692597091197968e-03
-8.936770260334014893e-02
-2.559428811073303223e-01
-4.530924558639526367e-02
3.614458069205284119e-02
-3.401632010936737061e-01
1.461745798587799072e-01
-2.693859636783599854e-01
