8.105702996253967285e-01
8.835543394088745117e-01
1.259893655776977539e+00
8.112897872924804688e-01
1.140132546424865723e+00
1.406087279319763184e+00
6.640762686729431152e-01
8.868039846420288086e-01
1.052626371383666992e+00
1.309590578079223633e+00
1.055540084838867188e+00
1.169777989387512207e+00
9.822410941123962402e-01
1.021163940429687500e+00
1.028404116630554199e+00
1.228144526481628418e+00
1.136240482330322266e+00
9.447500109672546387e-01
1.038817644119262695e+00
7.902421951293945312e-01
8.999933600425720215e-01
7.933489084243774414e-01
1.368620872497558594e+00
1.152500748634338379e+00
6.158031225204467773e-01
1.339108347892761230e+00
8.443708419799804688e-01
8.707638382911682129e-01
8.048507571220397949e-01
8.296182751655578613e-01
1.160302758216857910e+00
8.651394248008728027e-01
9.225457310676574707e-01
7.408882975578308105e-01
9.871479868888854980e-01
1.393077373504638672e+00
1.503199934959411621e+00
7.724562883377075195e-01
7.616215348243713379e-01
1.310518145561218262e+00
