-2.664789557456970215e-01
-2.572387456893920898e-01
-1.191512793302536011e-01
-1.154211685061454773e-01
-1.765200346708297729e-01
-1.228319704532623291e-01
-1.868762224912643433e-01
-1.111164391040802002e-01
-1.536521762609481812e-01
-8.945180475711822510e-02
-1.060779094696044922e-01
-1.689306497573852539e-01
-9.053689241409301758e-02
-1.893599629402160645e-01
-2.294385880231857300e-01
-3.784712031483650208e-02
-7.631935924291610718e-02
-1.554147005081176758e-01
-1.643101125955581665e-01
-1.804949790239334106e-01
-8.737669885158538818e-02
-1.573829650878906250e-01
-9.287025034427642822e-02
-2.520999610424041748e-01
-7.453475147485733032e-02
-1.424132883548736572e-01
-2.080868333578109741e-01
-1.090406551957130432e-01
-1.939584612846374512e-01
-1.162764877080917358e-01
-1.315608918666839600e-01
-2.031598985195159912e-01
-1.802030056715011597e-01
-2.351965606212615967e-01
-1.741602271795272827e-01
-1.111381277441978455e-01
-9.256266057491302490e-02
-2.174306511878967285e-01
-1.312446296215057373e-01
-1.499718427658081055e-01
-2.956845760345458984e-01
-1.323628425598144531e-01
-2.432137131690979004e-01
-1.720016151666641235e-01
-9.345836937427520752e-02
-1.728228926658630371e-01
-1.914257109165191650e-01
-1.221960186958312988e-01
-1.258424669504165649e-01
-9.458138793706893921e-02
-2.309414148330688477e-01
-2.616183459758758545e-01
-1.892636865377426147e-01
-1.920276880264282227e-01
-1.224766671657562256e-01
-1.597237586975097656e-01
-1.423854231834411621e-01
-1.673336178064346313e-01
-1.056036725640296936e-01
-1.539211273193359375e-01
-1.040538847446441650e-01
-9.908684343099594116e-02
-1.315750628709793091e-01
-8.930654823780059814e-02
-1.389558464288711548e-01
-1.212152540683746338e-01
-9.686551988124847412e-02
-1.876120865345001221e-01
-3.298683091998100281e-02
-1.144187003374099731e-01
-2.151033468544483185e-02
-1.962070018053054810e-01
-6.508098542690277100e-02
-2.484351545572280884e-01
-6.378830224275588989e-02
-1.029136180877685547e-01
-1.552878618240356445e-01
-1.160594373941421509e-01
-1.333955377340316772e-01
-1.296967566013336182e-01
