6.042203307151794434e-01
7.055593729019165039e-01
5.824437141418457031e-01
5.647103190422058105e-01
6.618670821189880371e-01
5.948508977890014648e-01
6.665893793106079102e-01
5.735257863998413086e-01
5.906723737716674805e-01
5.164870023727416992e-01
5.714747905731201172e-01
6.121373772621154785e-01
5.116091966629028320e-01
6.773034930229187012e-01
6.338058114051818848e-01
4.804485738277435303e-01
5.589085817337036133e-01
6.079708933830261230e-01
6.477854847908020020e-01
6.168118715286254883e-01
5.500143766403198242e-01
5.788921117782592773e-01
5.219340920448303223e-01
6.484254002571105957e-01
5.467468500137329102e-01
5.696470141410827637e-01
7.064439654350280762e-01
5.500225424766540527e-01
6.500406861305236816e-01
5.867057442665100098e-01
5.137138962745666504e-01
6.390171051025390625e-01
6.272215247154235840e-01
7.010934352874755859e-01
6.378391981124877930e-01
5.876731276512145996e-01
5.718722343444824219e-01
6.060261130332946777e-01
6.277504563331604004e-01
5.832787752151489258e-01
7.230988740921020508e-01
5.456516742706298828e-01
6.946848034858703613e-01
6.479834318161010742e-01
5.524016022682189941e-01
5.819511413574218750e-01
6.281785964965820312e-01
5.808804035186767578e-01
5.771216154098510742e-01
5.361290574073791504e-01
6.667098999023437500e-01
7.244451045989990234e-01
6.468141674995422363e-01
6.229040026664733887e-01
5.973435044288635254e-01
6.633585691452026367e-01
6.545006036758422852e-01
6.339752078056335449e-01
5.304634571075439453e-01
6.370686888694763184e-01
5.446471571922302246e-01
5.510551929473876953e-01
6.445449590682983398e-01
5.142990350723266602e-01
5.585939288139343262e-01
5.585981011390686035e-01
5.914232134819030762e-01
6.387086510658264160e-01
4.668393135070800781e-01
5.669203400611877441e-01
4.582523703575134277e-01
5.979501008987426758e-01
5.921971201896667480e-01
7.240828275680541992e-01
5.551719069480895996e-01
5.980288982391357422e-01
5.723564624786376953e-01
5.719758868217468262e-01
5.939674973487854004e-01
5.840678215026855469e-01
