-2.664792537689208984e-01
-2.572390735149383545e-01
-1.191511824727058411e-01
-1.154216751456260681e-01
-1.765206158161163330e-01
-1.228319332003593445e-01
-1.868763566017150879e-01
-1.111167818307876587e-01
-1.536525040864944458e-01
-8.945168554782867432e-02
-1.060777157545089722e-01
-1.689304262399673462e-01
-9.053680300712585449e-02
-1.893600821495056152e-01
-2.294386476278305054e-01
-3.784753009676933289e-02
-7.631923258304595947e-02
-1.554145067930221558e-01
-1.643105596303939819e-01
-1.804952025413513184e-01
-8.737672865390777588e-02
-1.573826521635055542e-01
-9.287013113498687744e-02
-2.521000504493713379e-01
-7.453515380620956421e-02
-1.424128562211990356e-01
-2.080877721309661865e-01
-1.090412810444831848e-01
-1.939586400985717773e-01
-1.162770092487335205e-01
-1.315608471632003784e-01
-2.031608074903488159e-01
-1.802030354738235474e-01
-2.351962774991989136e-01
-1.741596609354019165e-01
-1.111380457878112793e-01
-9.256254881620407104e-02
-2.174308001995086670e-01
-1.312448084354400635e-01
-1.499716192483901978e-01
-2.956851422786712646e-01
-1.323625743389129639e-01
-2.432137727737426758e-01
-1.720021218061447144e-01
-9.345880895853042603e-02
-1.728232800960540771e-01
-1.914253830909729004e-01
-1.221959888935089111e-01
-1.258427351713180542e-01
-9.458155184984207153e-02
-2.309416681528091431e-01
-2.616185545921325684e-01
-1.892634928226470947e-01
-1.920276731252670288e-01
-1.224763244390487671e-01
-1.597235053777694702e-01
-1.423851400613784790e-01
-1.673336923122406006e-01
-1.056039035320281982e-01
-1.539215594530105591e-01
-1.040536835789680481e-01
-9.908672422170639038e-02
-1.315750479698181152e-01
-8.930701017379760742e-02
-1.389557719230651855e-01
-1.212151572108268738e-01
-9.686544537544250488e-02
-1.876121163368225098e-01
-3.298681601881980896e-02
-1.144185662269592285e-01
-2.151066623628139496e-02
-1.962070614099502563e-01
-6.508095562458038330e-02
-2.484348118305206299e-01
-6.378789246082305908e-02
-1.029131710529327393e-01
-1.552874445915222168e-01
-1.160594597458839417e-01
-1.333961337804794312e-01
-1.296965926885604858e-01
